4.1-4.2
During launch:
1. (0.5, 6)
-4.905, -4.905, -58.86
-4.6955565, 4.6955565, 0
2. (-0.5, 6)
4.905, 4.905, -58.86
4.6955565, -4.6955565, 0
3. (-2, 3.5)
19.62, 19.62, -34.335
18.782226, -18.782226, 0
4. (-2, -1.5)
19.62, 19.62,  14.715
18.782226, -18.782226, 0
5. (-0.5, -2)
4.905, 4.905, 19.62
4.6955565, -4.6955565, 0
6. (0.5, -2)
-4.905, -4.905, 19.62
-4.6955565, 4.6955565, 0
7. (2, -1.5)
-19.62, -19.62, 14.715
-18.782226, 18.782226, 0
8. (2, 3.5)
-19.62, -19.62, -34.335
-18.782226, 18.782226, 0

Deployment:
9. 

Deployed:
10. Main thruster
-2.899347, 0, 0
0, 0, 2.775545
