1.
-27.051075  -27.051075 -324.6129
-25.8959941  25.8959941   0.
2.
27.051075   27.051075 -324.6129
25.8959941 -25.8959941   0.
3.
108.2043    108.2043   -189.357525
103.58397639 -103.58397639    0.
4.
108.2043   108.2043    81.153225
103.58397639 -103.58397639    0.
5.
27.051075  27.051075 108.2043
25.8959941 -25.8959941   0.
6.
-27.051075 -27.051075 108.2043
-25.8959941  25.8959941   0.
7.
-108.2043   -108.2043     81.153225
-103.58397639  103.58397639    0.
8.
-108.2043   -108.2043   -189.357525
-103.58397639  103.58397639    0.
9.
511, 0, 0
0, 0, 910.7553
10.
0, 0.58267596, -2.76294769
0.10754075, 0, 0
11.
511, 108,2043, -324.6129
103.58397639 -103.58397639, 910.7553